Minnesota Annual Mortality for 2000 
  q values * 100,000 for ages 0-99
   total male then total female

690 48 22 24 10 31 19 15 25 12 15 16 26 21 27 48 56 68 96 104 94 112 121 129 85 
86 92 90 107 95 76 102 114 120 120 114 138 167 146 146 172 184 210 217 196 242 
222 313 344 422 340 419 473 483 496 600 675 753 844 936 893 1000 1178 1417 1471 
1662 1715 2011 2134 2464 2381 2887 3289 3426 3877 4052 4909 4932 5622 5976 6904 
7746 8306 8708 10239 11700 13367 13765 14163 16641 16276 19386 20879 22306 
26532 26930 30038 38402 30986 30367
527 19 23 21 12 6 10 21 17 17 9 11 13 11 13 22 52 38 38 37 49 52 43 44 38 31 41 
38 60 47 24 47 73 52 51 78 55 73 113 95 109 94 85 136 158 156 179 185 202 196 
164 237 278 346 410 398 390 519 547 639 652 720 791 813 922 1018 1157 1247 1287 
1501 1612 1757 2021 2092 2345 2688 2986 3120 3188 3962 4011 4747 5726 5953 6401 
7760 8453 9334 10811 11691 13313 15347 16963 19140 19216 22643 21151 25261 
27854 25704
