Minnesota Annual Mortality for 2004 
  q values * 100,000 for ages 0-99
   total male then total female

546 42 23 19 19 17 11 11 11 8 12 19 21 21 37 47 46 69 96 99 98 127 97 103 102 
88 89 104 98 73 98 99 105 101 100 126 121 136 132 138 172 195 183 208 188 253 
275 307 366 343 394 410 439 470 546 586 610 626 851 833 940 901 1110 1189 1295 
1435 1508 1708 1997 1946 2226 2393 2836 3169 3327 3844 4155 4721 5001 5780 6211 
7445 7704 9480 9460 9942 11693 12960 14720 15762 17490 18946 21889 23140 24436 
26418 32863 33507 30091 29382
437 26 17 15 12 15 13 14 7 10 13 7 12 19 18 30 36 35 30 34 27 26 30 32 25 33 45 
36 46 34 46 56 43 50 49 60 67 79 88 93 94 117 118 135 130 140 171 186 209 189 
246 227 273 293 320 410 373 367 520 540 615 587 748 796 855 912 1017 1090 1306 
1187 1577 1779 1965 1982 2273 2401 2497 2877 3178 3734 4082 4989 5471 5894 6776 
6639 7916 8911 10343 11477 12966 14849 16948 19640 18973 23152 22606 27263 
31076 33769
