US Annual Mortality for 1997 
  q values * 100,000 for ages 0-109
   total male then total female, then white m/f, then black m/f
   values for 100-109 are a linear extrapolation of ages 70-99   log(hazard) based on a smoothing spline

795 60 41 33 26 23 22 21 19 16 14 15 21 35 54 74 93 109 120 127 135 144 149 150 
148 145 142 142 146 151 158 165 173 181 189 198 208 220 234 250 269 289 310 335 
361 391 424 458 492 528 567 612 662 719 784 860 947 1045 1150 1262 1383 1517 
1663 1817 1979 2137 2301 2490 2718 2985 3275 3573 3882 4200 4527 4869 5238 5656 
6149 6734 7432 8227 9093 9981 10893 11874 12892 13988 15177 16461 17823 19237 
20676 22133 23603 25091 26594 28103 29615 31127 32876 34591 36370 38211 40113 
42075 44093 46165 48287 50455
617 50 32 25 20 19 18 17 15 14 14 14 16 21 27 34 41 46 48 48 48 48 49 50 52 54 
55 58 61 65 69 74 79 85 92 99 107 115 123 133 144 156 168 182 196 212 230 250 
273 298 327 359 393 431 472 520 576 637 701 769 844 928 1015 1103 1193 1280 
1375 1490 1634 1806 1993 2187 2391 2607 2838 3083 3353 3666 4041 4483 4978 5526 
6152 6872 7692 8526 9454 10466 11573 12789 14105 15496 16946 18463 20067 21749 
23482 25230 26968 28688 30806 32873 35041 37308 39673 42132 44681 47313 50021 
52796
667 53 36 29 23 20 19 19 17 15 13 14 20 33 50 68 85 99 107 113 118 124 128 128 
126 124 122 122 126 132 139 146 153 160 168 175 183 194 206 221 238 256 276 297 
319 344 372 402 435 471 512 557 605 659 719 790 874 968 1068 1176 1291 1420 
1565 1724 1894 2063 2235 2430 2659 2920 3200 3489 3792 4110 4445 4796 5174 5601 
6103 6699 7408 8216 9094 9993 10919 11925 12973 14100 15323 16647 18057 19528 
21039 22584 24161 25765 27384 29004 30617 32222 34111 35953 37862 39839 41880 
43984 46146 48363 50631 52942
536 45 27 23 17 16 15 14 13 12 12 12 15 20 26 34 41 46 47 46 45 45 44 45 46 47 
48 50 52 56 59 63 68 73 78 84 90 97 104 113 123 134 145 157 169 183 200 219 241 
267 296 327 361 396 436 482 536 595 656 720 791 871 956 1045 1137 1229 1327 
1443 1584 1748 1924 2108 2307 2526 2765 3021 3301 3623 4002 4445 4939 5485 6114 
6841 7675 8519 9458 10486 11617 12858 14204 15629 17118 18680 20327 22053 23833 
25630 27425 29213 31394 33530 35770 38114 40557 43097 45727 48442 51230 54083
1549 105 69 58 39 38 35 32 28 23 18 18 28 49 79 111 140 167 192 215 241 268 287 
294 292 285 281 281 285 294 304 314 327 343 362 383 406 431 460 494 529 568 615 
672 738 815 897 974 1040 1098 1161 1238 1325 1422 1526 1630 1740 1872 2034 2225 
2443 2664 2853 2981 3063 3109 3176 3318 3587 3978 4461 4963 5439 5802 6056 6278 
6548 6866 7293 7854 8545 9327 10191 11035 11807 12545 13309 14110 14950 15825 
16727 17647 18577 19507 20432 21351 22268 23184 24099 25013 26047 27061 28106 
29183 30292 31433 32606 33812 35050 36319
1283 80 55 39 32 33 31 29 26 24 23 22 23 27 32 38 44 50 54 59 64 70 76 83 89 96 
104 111 118 126 133 141 153 168 185 204 222 240 257 275 293 314 337 364 394 429 
465 502 537 573 613 661 715 773 834 896 963 1042 1136 1246 1371 1500 1618 1710 
1785 1842 1915 2041 2251 2538 2883 3236 3553 3782 3938 4068 4236 4470 4821 5292 
5843 6434 7088 7786 8527 9233 10001 10828 11714 12658 13657 14704 15795 16927 
18094 19295 20526 21787 23075 24387 25874 27368 28930 30562 32263 34034 35874 
37783 39759 41800
