US Annual Mortality for 1998 
  q values * 100,000 for ages 0-109
   total male then total female, then white m/f, then black m/f
   values for 100-109 are a linear extrapolation of ages 70-99   log(hazard) based on a smoothing spline

785 58 40 29 24 22 22 21 19 16 14 15 21 34 51 70 87 102 113 122 131 141 147 148 
145 141 138 136 139 143 149 155 162 170 179 188 199 211 225 243 262 282 304 328 
354 385 418 452 486 521 559 601 650 705 769 843 927 1019 1119 1226 1344 1477 
1621 1773 1932 2091 2258 2452 2683 2946 3225 3506 3801 4108 4434 4774 5138 5551 
6045 6635 7348 8163 9038 9903 10752 11761 12831 13959 15146 16389 17687 19035 
20431 21869 23346 24855 26390 27943 29508 31077 32881 34664 36516 38435 40420 
42468 44577 46743 48962 51229
655 51 32 24 19 18 16 15 14 13 13 13 15 20 26 32 39 43 45 45 45 45 46 47 49 51 
53 56 59 63 67 72 78 85 92 99 107 115 124 134 144 155 167 180 193 209 226 245 
267 292 320 350 383 420 459 506 558 615 676 742 816 900 989 1081 1175 1269 1371 
1495 1645 1819 2005 2195 2394 2605 2832 3071 3332 3642 4022 4478 4996 5570 6220 
6949 7759 8603 9510 10481 11516 12615 13777 15001 16284 17624 19015 20455 21937 
23455 25003 26572 28389 30207 32114 34110 36193 38364 40619 42955 45369 47855
648 49 36 25 21 20 19 18 17 15 13 13 19 31 47 65 81 94 104 111 118 126 130 130 
127 123 120 119 121 125 131 137 144 152 160 169 179 190 203 219 236 254 273 294 
317 342 371 401 433 466 503 544 590 643 704 776 858 947 1042 1144 1256 1384 
1526 1682 1848 2016 2193 2394 2627 2887 3160 3435 3724 4031 4360 4705 5072 5493 
5996 6597 7321 8147 9031 9905 10768 11798 12896 14062 15297 16601 17973 19412 
20916 22483 24109 25792 27526 29307 31128 32983 35057 37143 39313 41564 43892 
46292 48760 51288 53868 56491
542 44 28 21 17 15 14 13 13 12 11 12 14 19 26 33 40 44 45 44 42 41 40 41 42 44 
46 48 51 54 57 61 66 72 79 86 93 100 107 115 124 134 144 155 167 180 195 213 
235 260 288 319 351 385 423 466 516 571 630 693 765 848 936 1028 1123 1219 1324 
1448 1596 1764 1941 2123 2317 2528 2761 3007 3275 3591 3976 4433 4950 5523 6174 
6908 7731 8581 9501 10494 11563 12710 13937 15245 16635 18108 19663 21300 23018 
24814 26685 28627 30794 33018 35359 37814 40381 43056 45831 48700 51651 54670
1579 116 67 52 42 39 37 34 30 25 21 20 29 48 74 102 128 152 174 193 216 240 257 
265 265 262 261 261 264 271 278 286 296 310 326 343 362 385 415 450 488 529 576 
632 696 771 852 931 1001 1065 1134 1216 1306 1402 1504 1608 1719 1849 2006 2185 
2387 2592 2772 2904 2998 3064 3146 3291 3540 3890 4307 4738 5165 5533 5843 6144 
6483 6861 7324 7904 8629 9477 10399 11248 11945 12760 13610 14493 15409 16357 
17335 18343 19378 20440 21525 22632 23758 24901 26057 27223 28521 29817 31158 
32544 33976 35453 36974 38540 40149 41799
1285 90 52 44 29 31 27 24 22 20 19 18 19 23 27 32 38 43 49 54 61 69 76 82 86 91 
97 104 111 120 130 140 151 165 180 196 212 229 248 270 293 316 342 369 397 430 
465 499 532 565 601 643 693 751 815 884 959 1039 1126 1220 1324 1435 1544 1645 
1741 1828 1925 2065 2271 2536 2847 3166 3467 3716 3919 4110 4332 4607 4979 5455 
6015 6629 7306 8012 8737 9489 10290 11142 12047 13005 14019 15089 16215 17400 
18643 19944 21305 22724 24200 25734 27408 29133 30942 32835 34812 36873 39016 
41239 43539 45911
