US Annual Mortality for 1999 
  q values * 100,000 for ages 0-109
   total male then total female, then white m/f, then black m/f
   values for 100-109 are a linear extrapolation of ages 70-99   log(hazard) based on a smoothing spline

772 58 41 31 24 22 21 20 18 15 13 13 19 32 49 68 85 100 111 119 127 136 141 143 
141 139 137 136 138 142 147 153 159 167 176 186 196 208 223 240 259 278 300 326 
354 387 422 458 493 526 561 601 648 704 771 849 936 1028 1122 1219 1325 1446 
1580 1728 1888 2053 2230 2431 2662 2918 3182 3449 3737 4052 4397 4761 5142 5562 
6047 6616 7296 8079 8940 9827 10734 11742 12810 13936 15121 16362 17658 19004 
20397 21833 23308 24814 26346 27897 29460 31026 32827 34608 36458 38374 40356 
42402 44509 46673 48890 51155
636 49 31 24 19 18 17 16 14 13 12 12 15 19 26 33 39 44 46 47 46 47 48 49 50 52 
54 56 59 62 65 69 75 82 90 98 106 115 124 134 145 156 169 182 196 213 231 251 
273 296 322 351 382 418 460 508 562 620 680 744 814 895 982 1076 1175 1280 1395 
1524 1669 1829 1994 2167 2362 2588 2845 3119 3409 3735 4116 4560 5063 5628 6285 
7041 7896 8755 9679 10667 11720 12839 14022 15267 16573 17936 19353 20818 22326 
23872 25447 27043 28891 30739 32677 34704 36819 39020 41307 43673 46117 48630
635 49 37 29 20 20 19 18 16 14 12 12 18 30 46 64 80 93 102 108 114 120 125 126 
125 123 122 122 124 127 132 136 143 150 159 168 178 189 202 217 233 250 270 292 
317 345 376 409 440 472 506 545 589 643 706 780 864 953 1043 1137 1241 1360 
1494 1643 1806 1977 2159 2364 2598 2852 3112 3376 3660 3973 4319 4682 5062 5486 
5982 6568 7270 8075 8953 9850 10763 11793 12890 14056 15290 16594 17965 19403 
20907 22473 24099 25781 27514 29294 31114 32969 35042 37128 39297 41547 43874 
46274 48741 51269 53848 56471
516 44 28 22 17 16 15 14 13 12 11 11 14 19 25 33 40 44 46 45 44 43 42 43 44 45 
47 49 51 54 57 60 65 71 78 85 92 100 107 116 125 135 145 157 170 185 202 221 
242 265 290 318 348 382 421 467 519 575 634 695 765 845 932 1025 1124 1230 1345 
1473 1616 1771 1930 2096 2287 2512 2771 3047 3339 3669 4054 4504 5012 5583 6244 
7008 7872 8738 9674 10686 11774 12942 14191 15522 16938 18438 20021 21688 23437 
25266 27171 29148 31352 33613 35991 38485 41089 43801 46612 49514 52495 55542
1592 111 65 42 44 38 36 34 30 26 22 21 28 45 68 94 118 141 163 184 208 233 250 
256 253 246 242 241 245 255 266 277 289 302 316 331 348 371 401 438 478 519 567 
624 689 765 847 927 998 1063 1131 1211 1300 1401 1512 1633 1762 1898 2039 2183 
2336 2496 2653 2798 2933 3054 3183 3355 3600 3916 4274 4644 5034 5423 5809 6224 
6672 7119 7565 8038 8572 9206 9958 10809 11713 12513 13346 14212 15110 16040 
16999 17987 19003 20044 21108 22194 23298 24418 25552 26695 27969 29240 30557 
31918 33325 34776 36272 37813 39396 41022
1316 83 53 38 31 29 25 23 21 19 18 18 20 24 29 35 41 47 52 58 64 70 76 81 85 90 
95 100 106 112 119 127 139 154 171 189 206 225 246 268 292 316 341 366 393 422 
454 488 523 560 602 649 702 760 823 894 971 1050 1130 1210 1296 1389 1490 1599 
1716 1833 1959 2115 2314 2555 2825 3105 3394 3679 3960 4253 4568 4903 5271 5691 
6159 6691 7324 8069 8906 9673 10490 11359 12281 13258 14291 15382 16530 17738 
19005 20332 21719 23165 24670 26234 27939 29696 31537 33463 35474 37568 39745 
42001 44333 46735
