US Annual Mortality for 1996 
  q values * 100,000 for ages 0-109
   total male then total female, then white m/f, then black m/f
   values for 100-109 are a linear extrapolation of ages 70-99   log(hazard) based on a smoothing spline

802 60 45 36 28 26 24 23 20 17 15 15 22 36 56 79 99 116 128 135 142 150 155 156 
154 151 149 151 158 168 178 189 199 209 219 230 241 254 268 285 303 322 343 366 
390 415 443 473 507 546 593 649 709 769 831 898 976 1067 1175 1299 1436 1581 
1733 1886 2038 2185 2338 2521 2749 3021 3319 3624 3940 4259 4589 4940 5327 5767 
6283 6884 7590 8388 9243 10113 11011 12003 13032 14140 15341 16640 18017 19445 
20900 22373 23859 25363 26882 28408 29936 31465 33231 34964 36760 38619 40539 
42517 44552 46641 48779 50962
659 54 33 28 23 20 18 16 15 14 14 14 17 22 28 35 42 47 48 48 47 47 47 49 52 55 
58 62 66 70 74 79 85 91 98 105 113 121 129 138 147 158 171 184 200 216 234 254 
277 305 338 376 416 454 491 530 577 631 696 769 852 940 1032 1123 1213 1301 
1395 1510 1655 1827 2017 2213 2418 2632 2860 3105 3380 3703 4089 4539 5037 5580 
6195 6902 7714 8550 9480 10495 11605 12825 14145 15539 16993 18515 20123 21810 
23548 25300 27043 28768 30892 32964 35137 37409 39779 42243 44797 47434 50147 
52926
666 52 40 32 25 23 22 20 19 16 14 14 20 33 51 70 89 103 113 118 124 130 133 134 
132 130 128 130 136 145 154 164 173 182 191 201 211 222 234 248 263 280 298 318 
340 363 388 416 449 487 534 589 647 705 764 827 902 990 1094 1214 1345 1486 
1636 1793 1953 2109 2270 2458 2685 2950 3237 3531 3839 4159 4496 4856 5253 5703 
6228 6837 7552 8360 9225 10109 11027 12042 13100 14238 15473 16810 18234 19720 
21245 22806 24398 26018 27653 29288 30918 32538 34444 36302 38228 40222 42279 
44399 46577 48809 51091 53415
544 43 28 24 19 17 16 15 14 13 13 13 16 20 27 34 41 46 47 45 43 42 41 42 45 48 
50 53 56 59 62 66 70 75 81 86 93 99 106 114 123 132 144 157 171 186 203 222 245 
272 304 342 380 417 452 490 536 589 651 722 802 888 978 1069 1160 1248 1344 
1458 1600 1767 1949 2137 2338 2553 2788 3042 3325 3655 4045 4493 4986 5525 6141 
6859 7693 8539 9481 10511 11644 12889 14238 15666 17159 18724 20375 22106 23890 
25691 27491 29282 31468 33609 35854 38201 40649 43194 45828 48546 51339 54195
1602 110 73 59 49 42 39 36 31 25 19 19 29 54 89 126 161 191 215 235 257 280 298 
304 304 300 298 304 318 340 363 384 406 427 449 471 494 523 558 600 645 694 744 
796 850 910 974 1038 1100 1163 1236 1321 1415 1512 1609 1703 1806 1932 2094 
2287 2508 2728 2917 3048 3136 3190 3265 3417 3697 4102 4606 5136 5637 6014 6268 
6482 6749 7076 7535 8146 8902 9744 10633 11440 12117 12874 13659 14480 15342 
16240 17165 18110 19065 20019 20968 21911 22852 23792 24731 25670 26729 27769 
28840 29944 31080 32248 33449 34682 35948 37245
1325 108 63 47 41 33 28 24 22 21 21 22 24 29 35 41 48 54 59 64 68 74 81 88 96 
103 112 121 132 143 155 166 180 195 212 230 248 266 285 305 326 349 373 397 423 
451 481 514 549 588 636 691 749 805 857 908 967 1038 1129 1239 1361 1487 1608 
1715 1812 1898 1994 2132 2336 2602 2919 3247 3549 3782 3956 4109 4298 4554 4926 
5416 5991 6603 7247 7884 8518 9224 9990 10817 11701 12645 13643 14689 15779 
16908 18075 19274 20505 21764 23050 24361 25846 27338 28899 30528 32228 33997 
35835 37742 39715 41754
