US Annual Mortality for 2003 
  q values * 100,000 for ages 0-109
   total male then total female, then white m/f, then black m/f
   values for 100-109 are a linear extrapolation of ages 70-99   log(hazard) based on a smoothing spline

761 52 37 29 22 20 18 16 15 13 11 12 18 29 44 62 79 95 108 119 129 139 145 146 
142 138 133 131 131 134 138 142 147 154 163 173 185 199 217 236 257 278 301 327 
357 389 422 458 493 530 571 615 661 707 756 808 866 933 1013 1106 1216 1338 
1466 1592 1719 1854 2009 2185 2384 2605 2832 3069 3344 3669 4040 4429 4827 5260 
5745 6291 6907 7576 8284 9022 9814 10699 11654 12680 13782 14961 16220 17561 
18986 20495 22087 23763 25520 27355 29265 31244 33412 35638 37967 40396 42921 
45536 48235 51009 53847 56737
608 41 30 22 17 16 14 13 12 11 10 11 13 17 23 29 36 41 44 46 47 49 50 51 52 52 
53 55 57 60 63 67 72 78 85 94 103 114 126 138 151 164 178 193 208 226 244 263 
282 303 325 350 379 410 446 485 528 576 631 694 767 849 934 1016 1097 1186 1290 
1409 1543 1692 1847 2014 2207 2432 2684 2945 3216 3526 3895 4325 4795 5297 5863 
6515 7271 8014 8826 9711 10674 11719 12851 14074 15392 16807 18322 19939 21658 
23479 25400 27418 29645 31964 34416 37001 39715 42554 45511 48575 51734 54972
637 46 33 26 20 18 17 16 14 12 10 11 16 27 42 60 76 91 103 112 121 129 133 133 
130 124 120 117 118 121 125 130 136 142 150 159 170 184 201 220 240 260 281 305 
332 361 392 423 455 488 523 562 605 650 699 752 810 876 953 1043 1149 1269 1394 
1519 1645 1781 1938 2116 2317 2538 2762 2998 3272 3600 3976 4370 4771 5208 5700 
6256 6883 7565 8290 9049 9866 10781 11768 12832 13975 15201 16511 17908 19394 
20968 22630 24380 26214 28128 30120 32182 34444 36766 39193 41721 44347 47063 
49861 52731 55661 58635
505 37 27 20 17 15 13 12 11 10 9 10 12 16 23 30 37 42 44 45 46 46 47 47 47 48 
48 49 51 54 56 60 64 69 76 83 91 100 111 123 135 147 160 173 187 202 218 236 
253 272 292 314 341 373 409 449 493 541 594 655 726 807 890 970 1050 1138 1242 
1362 1496 1645 1800 1968 2161 2387 2642 2904 3175 3488 3864 4305 4785 5296 5871 
6535 7305 8070 8908 9823 10820 11904 13080 14351 15723 17198 18778 20466 22261 
24162 26168 28273 30600 33021 35581 38277 41105 44060 47131 50307 53574 56911
1556 86 54 44 29 28 24 21 19 17 17 19 26 39 56 76 98 121 145 168 192 215 232 
241 245 246 249 250 251 251 251 253 258 268 282 299 318 341 367 396 426 459 499 
546 603 663 726 796 872 955 1048 1146 1239 1320 1396 1474 1565 1672 1800 1945 
2107 2280 2452 2614 2766 2912 3070 3258 3493 3776 4085 4405 4750 5117 5504 5911 
6337 6786 7262 7772 8336 8936 9530 10090 10635 11362 12131 12945 13803 14708 
15660 16661 17712 18812 19963 21164 22415 23715 25064 26461 27961 29505 31114 
32790 34531 36338 38209 40143 42139 44193
1245 61 46 32 18 22 19 17 16 16 16 18 19 22 24 28 32 37 43 51 58 66 72 77 80 83 
88 93 99 105 112 120 130 142 158 174 192 211 232 253 275 297 322 350 381 415 
450 486 524 564 608 654 700 745 790 839 897 965 1044 1134 1234 1342 1451 1557 
1661 1767 1883 2015 2171 2350 2541 2741 2966 3220 3496 3788 4090 4407 4747 5119 
5523 5963 6460 7035 7704 8315 8969 9669 10417 11216 12066 12972 13935 14956 
16037 17180 18386 19655 20988 22386 23897 25473 27133 28879 30712 32633 34641 
36737 38918 41182
