US Annual Mortality for 2004 
  q values * 100,000 for ages 0-109
   total male then total female, then white m/f, then black m/f
   values for 100-109 are a linear extrapolation of ages 70-99   log(hazard) based on a smoothing spline

748 51 33 25 21 19 18 17 15 12 10 11 16 27 43 61 78 94 106 117 127 136 142 144 
142 139 136 134 134 134 135 137 141 147 155 165 177 191 208 225 244 263 285 311 
341 374 407 443 481 521 565 612 659 704 749 795 846 906 981 1071 1176 1293 1416 
1536 1656 1785 1933 2099 2286 2492 2706 2936 3203 3518 3873 4241 4617 5032 5508 
6050 6656 7299 7968 8659 9401 10250 11164 12147 13202 14332 15538 16823 18188 
19633 21159 22764 24448 26206 28035 29931 32014 34155 36396 38738 41177 43709 
46328 49026 51796 54626
609 46 27 20 17 15 14 13 12 11 11 11 14 18 24 31 37 42 45 45 46 46 47 48 49 51 
52 54 56 59 63 67 71 76 82 89 97 107 119 132 145 159 173 188 206 224 244 263 
282 300 320 343 370 400 435 472 514 559 611 670 739 817 898 978 1058 1147 1250 
1366 1497 1641 1794 1962 2150 2364 2599 2836 3085 3382 3748 4179 4646 5131 5661 
6261 6953 7665 8441 9288 10208 11208 12291 13460 14720 16073 17522 19069 20713 
22455 24292 26222 28358 30583 32939 35427 38044 40788 43652 46628 49706 52872
622 46 30 22 20 17 17 16 14 12 10 10 15 26 41 58 75 90 102 111 120 128 133 134 
131 128 124 122 121 121 122 125 128 135 143 153 164 178 194 212 230 249 269 293 
320 348 378 411 445 481 522 566 609 652 694 737 786 844 917 1006 1111 1228 1350 
1469 1586 1714 1863 2031 2219 2427 2643 2874 3143 3460 3817 4184 4558 4976 5462 
6020 6648 7313 8005 8716 9477 10355 11304 12325 13424 14601 15859 17202 18628 
20140 21737 23417 25179 27018 28931 30911 33092 35330 37672 40117 42660 45297 
48020 50820 53688 56609
507 42 23 18 15 13 12 12 11 10 9 10 12 17 23 31 38 43 45 45 44 44 44 44 45 46 
47 48 50 53 56 59 64 68 74 81 88 97 108 119 130 142 155 169 185 203 221 239 256 
272 289 309 334 364 399 437 479 524 576 634 703 780 860 939 1017 1104 1206 1323 
1454 1599 1753 1922 2112 2326 2562 2798 3046 3345 3716 4156 4630 5119 5656 6267 
6975 7706 8506 9380 10332 11367 12489 13704 15014 16422 17931 19543 21257 23072 
24987 26997 29227 31547 34004 36596 39322 42176 45151 48237 51422 54689
1525 76 47 40 31 28 26 24 21 17 15 16 22 35 55 77 100 123 144 163 182 200 215 
225 231 236 242 246 249 250 251 253 257 264 274 286 301 320 341 366 391 419 456 
504 563 627 693 764 839 919 1006 1100 1193 1281 1365 1454 1553 1661 1778 1907 
2050 2206 2368 2528 2684 2838 3002 3183 3396 3641 3900 4170 4479 4838 5243 5686 
6146 6608 7052 7485 7937 8419 8913 9433 10002 10686 11409 12174 12982 13832 
14728 15670 16658 17692 18775 19904 21081 22304 23573 24887 26301 27757 29277 
30861 32510 34223 36001 37842 39745 41709
1237 66 41 30 25 24 21 19 18 18 18 19 21 24 27 31 36 41 46 51 56 62 68 72 77 83 
89 95 101 107 113 121 129 137 147 158 170 187 210 235 262 288 314 342 371 402 
434 469 506 545 587 633 678 724 770 820 877 940 1011 1089 1176 1274 1376 1479 
1583 1691 1809 1940 2089 2258 2437 2627 2845 3096 3376 3669 3972 4298 4655 5047 
5476 5934 6420 6941 7517 8113 8752 9435 10164 10944 11774 12658 13597 14594 
15649 16764 17940 19179 20480 21843 23319 24858 26480 28187 29980 31860 33827 
35881 38021 40244
