US Annual Mortality for 2001 
  q values * 100,000 for ages 0-109
   total male then total female, then white m/f, then black m/f
   values for 100-109 are a linear extrapolation of ages 70-99   log(hazard) based on a smoothing spline

751 56 38 29 24 19 17 15 16 16 18 19 20 26 32 46 69 93 122 138 136 150 143 138 
139 131 138 133 140 136 142 140 146 160 169 186 190 214 232 242 262 276 298 331 
358 387 413 460 496 527 567 592 639 666 769 764 884 961 1089 1106 1266 1345 
1489 1614 1768 1934 2075 2288 2492 2721 2935 3202 3529 3876 4180 4595 4996 5434 
5978 6559 6994 8047 8282 9477 10312 11280 12305 13388 14526 15718 16962 18256 
19594 20974 22390 23837 25309 26799 28300 29804 31539 33255 35037 36887 38803 
40783 42824 44925 47082 49290
614 47 30 22 18 15 15 14 12 14 12 13 15 16 21 25 38 44 42 44 44 48 44 49 49 51 
51 55 59 62 66 64 76 82 89 96 106 115 131 141 153 158 174 193 209 224 237 256 
269 303 320 337 383 414 467 465 546 602 678 703 785 851 950 1045 1133 1227 1344 
1478 1603 1748 1896 2076 2268 2505 2722 2992 3312 3610 4029 4438 4871 5541 5836 
6755 7540 8360 9242 10185 11191 12260 13389 14578 15825 17127 18480 19879 21319 
22794 24298 25823 27592 29362 31219 33164 35197 37316 39521 41808 44174 46613
621 50 36 27 23 17 16 14 15 14 16 16 19 24 32 43 66 89 113 130 125 139 130 124 
123 118 124 120 128 122 128 127 132 146 156 170 176 196 215 222 245 253 275 304 
330 352 377 423 456 483 520 542 581 615 716 709 828 894 1024 1033 1206 1268 
1420 1550 1696 1855 1995 2218 2408 2645 2873 3118 3449 3803 4117 4526 4936 5375 
5927 6506 6953 8042 8250 9481 10339 11328 12382 13502 14687 15939 17257 18638 
20082 21587 23149 24764 26429 28139 29888 31669 33666 35677 37770 39944 42197 
44525 46922 49384 51903 54472
506 42 28 20 17 15 14 14 12 12 11 12 14 16 20 25 39 44 41 43 42 45 40 43 46 47 
46 50 52 53 60 57 68 72 77 83 93 104 115 127 135 139 152 169 185 199 210 232 
240 269 286 305 348 379 432 430 508 563 639 659 748 807 904 999 1076 1176 1285 
1425 1533 1684 1849 2024 2216 2454 2668 2929 3259 3563 3984 4401 4843 5521 5841 
6744 7563 8394 9294 10265 11311 12432 13632 14912 16271 17712 19234 20835 22515 
24272 26102 28002 30124 32304 34598 37007 39529 42158 44891 47718 50631 53617
1543 88 52 40 33 29 24 16 24 27 29 30 29 35 36 64 89 125 178 198 210 234 241 
242 260 237 252 246 248 250 267 243 268 286 292 323 315 374 385 422 430 479 524 
578 633 701 760 833 894 981 1060 1096 1216 1242 1416 1405 1536 1743 1936 1982 
2055 2279 2423 2534 2768 2997 3186 3375 3726 4052 4164 4694 4985 5358 5623 6100 
6511 7017 7557 8294 8585 9442 9691 10700 11388 12165 12975 13817 14690 15594 
16527 17488 18475 19487 20522 21577 22650 23740 24842 25954 27193 28430 29712 
31038 32409 33824 35284 36788 38335 39925
1247 72 38 33 24 18 18 17 15 21 15 17 19 18 30 27 30 43 50 55 60 68 69 81 71 83 
81 97 106 118 108 113 138 159 171 186 197 200 242 257 294 297 340 376 399 417 
448 462 513 585 616 614 693 751 829 815 946 1014 1108 1178 1199 1344 1494 1570 
1753 1798 2004 2109 2372 2560 2615 2880 3048 3378 3593 3989 4250 4551 5106 5338 
5679 6328 6429 7505 7996 8684 9418 10198 11026 11903 12830 13809 14841 15925 
17062 18254 19499 20797 22149 23552 25091 26677 28342 30089 31918 33829 35822 
37896 40049 42278
