US Annual Mortality for 2000 
  q values * 100,000 for ages 0-109
   total male then total female, then white m/f, then black m/f
   values for 100-109 are a linear extrapolation of ages 70-99   log(hazard) based on a smoothing spline

759 57 38 28 22 21 20 19 17 15 13 14 19 31 48 66 83 98 110 119 130 140 146 148 
147 144 142 140 141 143 146 149 155 162 172 183 194 207 222 240 258 278 300 326 
356 390 427 464 500 533 569 608 653 705 767 839 920 1008 1100 1196 1303 1425 
1556 1695 1842 1994 2159 2350 2574 2825 3083 3344 3626 3939 4284 4647 5024 5440 
5917 6477 7143 7907 8746 9614 10504 11490 12535 13637 14797 16011 17279 18596 
19960 21365 22808 24282 25781 27299 28828 30360 32125 33871 35684 37564 39510 
41520 43591 45721 47905 50140
624 46 31 20 19 17 15 14 14 13 12 12 15 19 25 31 37 42 44 45 46 47 48 49 50 52 
54 56 59 62 65 69 74 81 89 97 105 114 124 135 147 159 172 185 199 215 233 253 
275 299 325 354 385 419 458 503 555 612 672 736 809 891 979 1070 1166 1267 1378 
1503 1645 1800 1960 2130 2326 2557 2821 3102 3395 3721 4100 4543 5047 5613 6270 
7021 7862 8718 9637 10621 11670 12784 13962 15202 16502 17860 19270 20729 22231 
23770 25338 26928 28768 30609 32539 34558 36666 38860 41138 43498 45934 48441
624 50 34 26 20 19 18 18 16 14 12 13 18 30 46 63 79 92 103 110 118 126 131 132 
130 128 125 124 125 127 130 134 140 147 157 167 177 189 203 219 235 253 273 296 
323 354 388 421 453 484 515 551 592 642 702 772 851 937 1026 1120 1224 1344 
1475 1615 1764 1918 2087 2281 2507 2758 3014 3272 3552 3864 4210 4572 4949 5367 
5852 6425 7108 7891 8749 9634 10541 11550 12624 13766 14975 16252 17595 19004 
20476 22010 23602 25250 26947 28690 30473 32290 34323 36370 38500 40710 42999 
45361 47793 50286 52835 55430
513 41 27 18 15 15 14 13 13 12 11 11 13 18 24 31 38 42 44 44 43 43 43 44 45 46 
48 49 51 53 56 59 63 69 76 84 91 100 108 118 128 139 150 161 173 186 201 219 
241 265 292 320 351 385 423 468 519 575 633 695 765 845 932 1021 1115 1216 1327 
1452 1592 1746 1903 2069 2263 2495 2760 3042 3334 3661 4043 4491 5000 5571 6232 
6990 7841 8703 9636 10643 11727 12890 14134 15460 16870 18364 19942 21602 23344 
25165 27062 29032 31227 33481 35850 38335 40932 43635 46438 49333 52307 55348
1556 101 64 43 34 33 30 28 25 21 19 19 26 42 63 86 109 132 156 178 204 229 247 
256 256 254 253 253 256 262 269 276 285 296 310 324 340 361 389 423 459 497 541 
594 655 726 803 882 960 1036 1118 1209 1303 1397 1495 1602 1720 1848 1981 2118 
2261 2410 2557 2696 2832 2957 3089 3263 3506 3813 4156 4506 4875 5250 5634 6050 
6501 6964 7440 7946 8525 9195 9928 10678 11422 12202 13014 13858 14734 15640 
16576 17540 18530 19545 20582 21641 22718 23810 24915 26031 27273 28515 29800 
31130 32505 33924 35387 36895 38446 40040
1267 79 54 33 35 27 23 20 19 18 18 19 21 24 28 34 39 45 51 57 63 70 77 82 85 89 
94 101 109 118 128 138 149 161 173 185 198 214 233 256 279 304 331 361 395 433 
473 513 549 583 619 660 703 747 794 846 905 977 1062 1157 1260 1370 1482 1594 
1708 1823 1948 2096 2279 2496 2733 2981 3247 3529 3825 4144 4485 4846 5234 5665 
6142 6682 7319 8068 8919 9687 10505 11375 12298 13277 14312 15404 16554 17763 
19032 20361 21749 23198 24705 26271 27978 29737 31581 33510 35523 37620 39799 
42058 44392 46797
