US Annual Mortality for 2002 
  q values * 100,000 for ages 0-109
   total male then total female, then white m/f, then black m/f
   values for 100-109 are a linear extrapolation of ages 70-99   log(hazard) based on a smoothing spline

764 52 37 28 23 19 16 16 17 16 18 18 22 26 32 44 75 91 121 140 139 144 139 142 
139 134 138 130 130 138 141 145 139 158 164 178 187 201 222 240 266 283 297 328 
358 384 425 446 495 528 570 618 643 702 732 842 832 947 1038 1176 1210 1351 
1488 1611 1738 1891 2037 2241 2434 2674 2922 3197 3406 3802 4121 4519 4957 5357 
5842 6498 7028 7636 8673 8848 10216 11175 12191 13263 14391 15572 16805 18086 
19412 20779 22182 23615 25074 26550 28037 29527 31247 32947 34715 36550 38450 
40415 42442 44528 46671 48866
627 42 28 20 17 16 13 12 13 13 13 13 14 19 21 25 39 44 47 46 45 50 47 45 49 50 
51 51 56 60 63 67 72 79 85 96 103 112 122 143 149 165 175 199 209 230 238 258 
286 303 319 352 363 414 443 510 501 589 644 727 758 848 920 1010 1115 1211 1306 
1457 1559 1740 1899 2045 2252 2463 2714 3010 3263 3609 3947 4411 4930 5330 6218 
6455 7506 8322 9200 10139 11140 12204 13328 14512 15753 17049 18395 19788 21222 
22690 24188 25705 27466 29228 31078 33015 35040 37151 39348 41627 43984 46417
642 47 33 25 21 17 16 15 15 14 16 16 20 24 30 43 73 88 115 132 129 134 125 130 
126 120 123 114 117 123 129 132 125 146 148 158 168 187 202 223 251 265 277 307 
335 356 396 414 453 487 523 566 591 647 676 787 777 887 972 1112 1138 1284 1414 
1541 1662 1818 1967 2178 2364 2605 2863 3127 3334 3741 4066 4465 4895 5304 5806 
6446 6981 7634 8698 8892 10247 11228 12272 13382 14558 15798 17104 18474 19905 
21396 22944 24546 26196 27890 29624 31389 33370 35364 37441 39599 41836 44147 
46530 48977 51483 54040
512 38 26 18 15 15 12 11 13 12 11 12 13 18 20 25 40 45 46 46 44 49 42 42 46 46 
46 44 53 52 56 59 63 70 76 86 93 100 108 129 136 147 157 177 185 207 213 231 
254 272 284 318 329 383 408 474 465 554 604 686 722 802 879 967 1071 1165 1254 
1411 1510 1685 1856 1988 2202 2416 2664 2954 3209 3561 3918 4381 4914 5329 6206 
6453 7530 8358 9254 10221 11262 12379 13574 14848 16202 17636 19151 20746 22418 
24167 25990 27881 29995 32166 34452 36852 39364 41985 44709 47529 50434 53413
1540 82 54 43 37 26 20 19 27 28 25 27 35 35 46 52 91 113 165 191 206 226 231 
234 244 248 258 259 244 267 256 272 255 270 312 346 352 336 393 402 425 468 492 
541 587 664 721 774 907 961 1043 1147 1174 1288 1382 1555 1506 1668 1848 2025 
2116 2242 2484 2603 2817 2934 3078 3244 3528 3824 4082 4555 4843 5207 5507 5916 
6471 6779 7300 8182 8734 8850 9949 9466 11265 12035 12836 13669 14533 15426 
16349 17300 18276 19277 20301 21345 22407 23484 24574 25674 26901 28126 29395 
30709 32067 33469 34916 36406 37940 39517
1322 61 41 27 27 21 18 18 17 19 20 19 22 21 25 28 33 42 51 51 60 66 71 72 70 81 
89 93 92 123 115 120 137 149 158 175 185 199 228 262 262 313 311 382 403 425 
440 478 542 569 619 663 659 714 791 902 861 968 1077 1183 1182 1352 1402 1543 
1637 1778 1945 2055 2185 2444 2578 2877 3044 3252 3540 3944 4236 4626 4793 5400 
5693 6028 7102 7125 8036 8728 9465 10249 11081 11962 12894 13878 14915 16004 
17147 18345 19596 20901 22259 23670 25215 26809 28482 30237 32074 33993 35995 
38077 40237 42475
